{
 "cells": [
  {
   "cell_type": "markdown",
   "metadata": {},
   "source": [
    "# Aprendizaje Supervisado: Laboratorio 1"
   ]
  },
  {
   "cell_type": "markdown",
   "metadata": {},
   "source": [
    "## Ejercicio 1: SVM con Kernel y Regularización\n",
    "\n",
    "En este ejercicio se trabajará con datos que esconden un patrón. Los datos mezclan columnas con valores enteros, flotantes y booleanos.\n",
    "\n",
    "Debe analizar los datos de entrenamiento para encontrar el patrón, y luego entrenar una SVM que explique a la perfección esos datos (accuracy 1.0 en train). Por último, deberá evaluar la SVM en los datos de test, y modificar los parámetros de regularización hasta encontrar una configuración que dé una accuracy mayor a 0.9."
   ]
  },
  {
   "cell_type": "code",
   "execution_count": 63,
   "metadata": {},
   "outputs": [],
   "source": [
    "# cargar datos de entrenamiento y evaluación\n",
    "import pandas as pd\n",
    "import matplotlib.pyplot as plt\n",
    "import seaborn\n",
    "train = pd.read_csv('datasets/lab1/ej1_train.csv')\n",
    "\n",
    "X_train = train.iloc[:, :-1]\n",
    "Y_train = train['TARGET']\n",
    "\n",
    "test = pd.read_csv('datasets/lab1/ej1_test.csv')\n",
    "X_test = test.iloc[:, :-1]\n",
    "Y_test = test['TARGET']\n",
    "\n",
    "\n",
    "from sklearn.decomposition import PCA\n",
    "from sklearn.svm import SVC"
   ]
  },
  {
   "cell_type": "markdown",
   "metadata": {},
   "source": [
    "### Ejercicio 1a:\n",
    "\n",
    "Primero imprima una descripción básica de los datos.\n",
    "\n",
    "Luego, calcule y grafique un mapa de calor con la correlación entre los distintos features.\n",
    "\n",
    "**Preguntas:**\n",
    "- ¿Qué observa?\n",
    "- ¿Qué conclusiones puede extraer?\n",
    "\n",
    "Por último, reduzca la dimensionalidad de los datos a dos dimensiones y grafique los puntos.\n",
    "\n",
    "**Preguntas:**\n",
    "- ¿Qué observa?\n",
    "- ¿Qué conclusiones puede extraer?\n"
   ]
  },
  {
   "cell_type": "code",
   "execution_count": 10,
   "metadata": {},
   "outputs": [
    {
     "data": {
      "text/html": [
       "<div>\n",
       "<style scoped>\n",
       "    .dataframe tbody tr th:only-of-type {\n",
       "        vertical-align: middle;\n",
       "    }\n",
       "\n",
       "    .dataframe tbody tr th {\n",
       "        vertical-align: top;\n",
       "    }\n",
       "\n",
       "    .dataframe thead th {\n",
       "        text-align: right;\n",
       "    }\n",
       "</style>\n",
       "<table border=\"1\" class=\"dataframe\">\n",
       "  <thead>\n",
       "    <tr style=\"text-align: right;\">\n",
       "      <th></th>\n",
       "      <th>0</th>\n",
       "      <th>1</th>\n",
       "      <th>2</th>\n",
       "      <th>3</th>\n",
       "      <th>4</th>\n",
       "      <th>5</th>\n",
       "      <th>6</th>\n",
       "      <th>7</th>\n",
       "      <th>8</th>\n",
       "      <th>9</th>\n",
       "      <th>10</th>\n",
       "      <th>11</th>\n",
       "      <th>12</th>\n",
       "      <th>13</th>\n",
       "      <th>14</th>\n",
       "      <th>15</th>\n",
       "      <th>16</th>\n",
       "      <th>TARGET</th>\n",
       "    </tr>\n",
       "  </thead>\n",
       "  <tbody>\n",
       "    <tr>\n",
       "      <th>count</th>\n",
       "      <td>400.000000</td>\n",
       "      <td>400.000000</td>\n",
       "      <td>400.000000</td>\n",
       "      <td>400.000000</td>\n",
       "      <td>400.000000</td>\n",
       "      <td>400.000000</td>\n",
       "      <td>400.000000</td>\n",
       "      <td>400.000000</td>\n",
       "      <td>400.000000</td>\n",
       "      <td>400.00000</td>\n",
       "      <td>400.00000</td>\n",
       "      <td>400.000000</td>\n",
       "      <td>400.000000</td>\n",
       "      <td>400.000000</td>\n",
       "      <td>400.000000</td>\n",
       "      <td>400.000000</td>\n",
       "      <td>400.000000</td>\n",
       "      <td>400.00000</td>\n",
       "    </tr>\n",
       "    <tr>\n",
       "      <th>mean</th>\n",
       "      <td>100.567500</td>\n",
       "      <td>101.035000</td>\n",
       "      <td>98.930000</td>\n",
       "      <td>100.445000</td>\n",
       "      <td>98.487500</td>\n",
       "      <td>0.007970</td>\n",
       "      <td>-0.009065</td>\n",
       "      <td>-0.019228</td>\n",
       "      <td>-0.009865</td>\n",
       "      <td>0.03500</td>\n",
       "      <td>0.08750</td>\n",
       "      <td>0.172500</td>\n",
       "      <td>0.237500</td>\n",
       "      <td>0.220000</td>\n",
       "      <td>0.132500</td>\n",
       "      <td>0.075000</td>\n",
       "      <td>0.040000</td>\n",
       "      <td>-0.00500</td>\n",
       "    </tr>\n",
       "    <tr>\n",
       "      <th>std</th>\n",
       "      <td>86.549654</td>\n",
       "      <td>49.517155</td>\n",
       "      <td>91.403921</td>\n",
       "      <td>62.199267</td>\n",
       "      <td>36.299366</td>\n",
       "      <td>0.782708</td>\n",
       "      <td>0.560037</td>\n",
       "      <td>0.514925</td>\n",
       "      <td>0.924287</td>\n",
       "      <td>0.18401</td>\n",
       "      <td>0.28292</td>\n",
       "      <td>0.378288</td>\n",
       "      <td>0.426084</td>\n",
       "      <td>0.414765</td>\n",
       "      <td>0.339458</td>\n",
       "      <td>0.263721</td>\n",
       "      <td>0.196205</td>\n",
       "      <td>1.00124</td>\n",
       "    </tr>\n",
       "    <tr>\n",
       "      <th>min</th>\n",
       "      <td>-93.000000</td>\n",
       "      <td>-10.000000</td>\n",
       "      <td>-115.000000</td>\n",
       "      <td>-39.000000</td>\n",
       "      <td>11.000000</td>\n",
       "      <td>-1.725988</td>\n",
       "      <td>-1.300851</td>\n",
       "      <td>-1.244842</td>\n",
       "      <td>-2.168412</td>\n",
       "      <td>0.00000</td>\n",
       "      <td>0.00000</td>\n",
       "      <td>0.000000</td>\n",
       "      <td>0.000000</td>\n",
       "      <td>0.000000</td>\n",
       "      <td>0.000000</td>\n",
       "      <td>0.000000</td>\n",
       "      <td>0.000000</td>\n",
       "      <td>-1.00000</td>\n",
       "    </tr>\n",
       "    <tr>\n",
       "      <th>25%</th>\n",
       "      <td>46.000000</td>\n",
       "      <td>73.000000</td>\n",
       "      <td>37.500000</td>\n",
       "      <td>61.750000</td>\n",
       "      <td>73.000000</td>\n",
       "      <td>-0.488926</td>\n",
       "      <td>-0.366255</td>\n",
       "      <td>-0.382066</td>\n",
       "      <td>-0.646990</td>\n",
       "      <td>0.00000</td>\n",
       "      <td>0.00000</td>\n",
       "      <td>0.000000</td>\n",
       "      <td>0.000000</td>\n",
       "      <td>0.000000</td>\n",
       "      <td>0.000000</td>\n",
       "      <td>0.000000</td>\n",
       "      <td>0.000000</td>\n",
       "      <td>-1.00000</td>\n",
       "    </tr>\n",
       "    <tr>\n",
       "      <th>50%</th>\n",
       "      <td>100.500000</td>\n",
       "      <td>100.000000</td>\n",
       "      <td>100.000000</td>\n",
       "      <td>100.000000</td>\n",
       "      <td>99.500000</td>\n",
       "      <td>0.005970</td>\n",
       "      <td>-0.010120</td>\n",
       "      <td>-0.013890</td>\n",
       "      <td>0.000883</td>\n",
       "      <td>0.00000</td>\n",
       "      <td>0.00000</td>\n",
       "      <td>0.000000</td>\n",
       "      <td>0.000000</td>\n",
       "      <td>0.000000</td>\n",
       "      <td>0.000000</td>\n",
       "      <td>0.000000</td>\n",
       "      <td>0.000000</td>\n",
       "      <td>-1.00000</td>\n",
       "    </tr>\n",
       "    <tr>\n",
       "      <th>75%</th>\n",
       "      <td>155.250000</td>\n",
       "      <td>133.250000</td>\n",
       "      <td>153.250000</td>\n",
       "      <td>140.000000</td>\n",
       "      <td>122.000000</td>\n",
       "      <td>0.510675</td>\n",
       "      <td>0.314739</td>\n",
       "      <td>0.300218</td>\n",
       "      <td>0.544438</td>\n",
       "      <td>0.00000</td>\n",
       "      <td>0.00000</td>\n",
       "      <td>0.000000</td>\n",
       "      <td>0.000000</td>\n",
       "      <td>0.000000</td>\n",
       "      <td>0.000000</td>\n",
       "      <td>0.000000</td>\n",
       "      <td>0.000000</td>\n",
       "      <td>1.00000</td>\n",
       "    </tr>\n",
       "    <tr>\n",
       "      <th>max</th>\n",
       "      <td>299.000000</td>\n",
       "      <td>217.000000</td>\n",
       "      <td>323.000000</td>\n",
       "      <td>243.000000</td>\n",
       "      <td>185.000000</td>\n",
       "      <td>1.785821</td>\n",
       "      <td>1.369928</td>\n",
       "      <td>1.217912</td>\n",
       "      <td>2.240643</td>\n",
       "      <td>1.00000</td>\n",
       "      <td>1.00000</td>\n",
       "      <td>1.000000</td>\n",
       "      <td>1.000000</td>\n",
       "      <td>1.000000</td>\n",
       "      <td>1.000000</td>\n",
       "      <td>1.000000</td>\n",
       "      <td>1.000000</td>\n",
       "      <td>1.00000</td>\n",
       "    </tr>\n",
       "  </tbody>\n",
       "</table>\n",
       "</div>"
      ],
      "text/plain": [
       "                0           1           2           3           4           5  \\\n",
       "count  400.000000  400.000000  400.000000  400.000000  400.000000  400.000000   \n",
       "mean   100.567500  101.035000   98.930000  100.445000   98.487500    0.007970   \n",
       "std     86.549654   49.517155   91.403921   62.199267   36.299366    0.782708   \n",
       "min    -93.000000  -10.000000 -115.000000  -39.000000   11.000000   -1.725988   \n",
       "25%     46.000000   73.000000   37.500000   61.750000   73.000000   -0.488926   \n",
       "50%    100.500000  100.000000  100.000000  100.000000   99.500000    0.005970   \n",
       "75%    155.250000  133.250000  153.250000  140.000000  122.000000    0.510675   \n",
       "max    299.000000  217.000000  323.000000  243.000000  185.000000    1.785821   \n",
       "\n",
       "                6           7           8          9         10          11  \\\n",
       "count  400.000000  400.000000  400.000000  400.00000  400.00000  400.000000   \n",
       "mean    -0.009065   -0.019228   -0.009865    0.03500    0.08750    0.172500   \n",
       "std      0.560037    0.514925    0.924287    0.18401    0.28292    0.378288   \n",
       "min     -1.300851   -1.244842   -2.168412    0.00000    0.00000    0.000000   \n",
       "25%     -0.366255   -0.382066   -0.646990    0.00000    0.00000    0.000000   \n",
       "50%     -0.010120   -0.013890    0.000883    0.00000    0.00000    0.000000   \n",
       "75%      0.314739    0.300218    0.544438    0.00000    0.00000    0.000000   \n",
       "max      1.369928    1.217912    2.240643    1.00000    1.00000    1.000000   \n",
       "\n",
       "               12          13          14          15          16     TARGET  \n",
       "count  400.000000  400.000000  400.000000  400.000000  400.000000  400.00000  \n",
       "mean     0.237500    0.220000    0.132500    0.075000    0.040000   -0.00500  \n",
       "std      0.426084    0.414765    0.339458    0.263721    0.196205    1.00124  \n",
       "min      0.000000    0.000000    0.000000    0.000000    0.000000   -1.00000  \n",
       "25%      0.000000    0.000000    0.000000    0.000000    0.000000   -1.00000  \n",
       "50%      0.000000    0.000000    0.000000    0.000000    0.000000   -1.00000  \n",
       "75%      0.000000    0.000000    0.000000    0.000000    0.000000    1.00000  \n",
       "max      1.000000    1.000000    1.000000    1.000000    1.000000    1.00000  "
      ]
     },
     "execution_count": 10,
     "metadata": {},
     "output_type": "execute_result"
    }
   ],
   "source": [
    "train.describe()\n"
   ]
  },
  {
   "cell_type": "code",
   "execution_count": 11,
   "metadata": {},
   "outputs": [
    {
     "data": {
      "text/html": [
       "<div>\n",
       "<style scoped>\n",
       "    .dataframe tbody tr th:only-of-type {\n",
       "        vertical-align: middle;\n",
       "    }\n",
       "\n",
       "    .dataframe tbody tr th {\n",
       "        vertical-align: top;\n",
       "    }\n",
       "\n",
       "    .dataframe thead th {\n",
       "        text-align: right;\n",
       "    }\n",
       "</style>\n",
       "<table border=\"1\" class=\"dataframe\">\n",
       "  <thead>\n",
       "    <tr style=\"text-align: right;\">\n",
       "      <th></th>\n",
       "      <th>0</th>\n",
       "      <th>1</th>\n",
       "      <th>2</th>\n",
       "      <th>3</th>\n",
       "      <th>4</th>\n",
       "      <th>5</th>\n",
       "      <th>6</th>\n",
       "      <th>7</th>\n",
       "      <th>8</th>\n",
       "      <th>9</th>\n",
       "      <th>10</th>\n",
       "      <th>11</th>\n",
       "      <th>12</th>\n",
       "      <th>13</th>\n",
       "      <th>14</th>\n",
       "      <th>15</th>\n",
       "      <th>16</th>\n",
       "      <th>TARGET</th>\n",
       "    </tr>\n",
       "  </thead>\n",
       "  <tbody>\n",
       "    <tr>\n",
       "      <th>0</th>\n",
       "      <td>1.000000</td>\n",
       "      <td>0.954866</td>\n",
       "      <td>0.927352</td>\n",
       "      <td>0.999943</td>\n",
       "      <td>0.411038</td>\n",
       "      <td>0.997548</td>\n",
       "      <td>0.886824</td>\n",
       "      <td>0.526353</td>\n",
       "      <td>0.935066</td>\n",
       "      <td>-0.264687</td>\n",
       "      <td>-0.275723</td>\n",
       "      <td>-0.178065</td>\n",
       "      <td>-0.063674</td>\n",
       "      <td>0.026185</td>\n",
       "      <td>0.256591</td>\n",
       "      <td>0.251008</td>\n",
       "      <td>0.290738</td>\n",
       "      <td>-0.016597</td>\n",
       "    </tr>\n",
       "    <tr>\n",
       "      <th>1</th>\n",
       "      <td>0.954866</td>\n",
       "      <td>1.000000</td>\n",
       "      <td>0.774420</td>\n",
       "      <td>0.957374</td>\n",
       "      <td>0.121841</td>\n",
       "      <td>0.973265</td>\n",
       "      <td>0.709608</td>\n",
       "      <td>0.250148</td>\n",
       "      <td>0.787633</td>\n",
       "      <td>-0.163521</td>\n",
       "      <td>-0.159618</td>\n",
       "      <td>-0.066419</td>\n",
       "      <td>-0.030924</td>\n",
       "      <td>-0.036131</td>\n",
       "      <td>0.173428</td>\n",
       "      <td>0.134144</td>\n",
       "      <td>0.174756</td>\n",
       "      <td>-0.023048</td>\n",
       "    </tr>\n",
       "    <tr>\n",
       "      <th>2</th>\n",
       "      <td>0.927352</td>\n",
       "      <td>0.774420</td>\n",
       "      <td>1.000000</td>\n",
       "      <td>0.924093</td>\n",
       "      <td>0.722235</td>\n",
       "      <td>0.898974</td>\n",
       "      <td>0.995300</td>\n",
       "      <td>0.806245</td>\n",
       "      <td>0.999764</td>\n",
       "      <td>-0.357632</td>\n",
       "      <td>-0.387332</td>\n",
       "      <td>-0.294369</td>\n",
       "      <td>-0.096616</td>\n",
       "      <td>0.099703</td>\n",
       "      <td>0.329053</td>\n",
       "      <td>0.366200</td>\n",
       "      <td>0.399004</td>\n",
       "      <td>-0.007234</td>\n",
       "    </tr>\n",
       "    <tr>\n",
       "      <th>3</th>\n",
       "      <td>0.999943</td>\n",
       "      <td>0.957374</td>\n",
       "      <td>0.924093</td>\n",
       "      <td>1.000000</td>\n",
       "      <td>0.403182</td>\n",
       "      <td>0.998099</td>\n",
       "      <td>0.882809</td>\n",
       "      <td>0.519020</td>\n",
       "      <td>0.931973</td>\n",
       "      <td>-0.261729</td>\n",
       "      <td>-0.273533</td>\n",
       "      <td>-0.174763</td>\n",
       "      <td>-0.062819</td>\n",
       "      <td>0.024660</td>\n",
       "      <td>0.254782</td>\n",
       "      <td>0.247620</td>\n",
       "      <td>0.287490</td>\n",
       "      <td>-0.016545</td>\n",
       "    </tr>\n",
       "    <tr>\n",
       "      <th>4</th>\n",
       "      <td>0.411038</td>\n",
       "      <td>0.121841</td>\n",
       "      <td>0.722235</td>\n",
       "      <td>0.403182</td>\n",
       "      <td>1.000000</td>\n",
       "      <td>0.346399</td>\n",
       "      <td>0.785740</td>\n",
       "      <td>0.991410</td>\n",
       "      <td>0.707448</td>\n",
       "      <td>-0.382659</td>\n",
       "      <td>-0.433433</td>\n",
       "      <td>-0.388515</td>\n",
       "      <td>-0.114616</td>\n",
       "      <td>0.191453</td>\n",
       "      <td>0.325873</td>\n",
       "      <td>0.429463</td>\n",
       "      <td>0.436074</td>\n",
       "      <td>0.012963</td>\n",
       "    </tr>\n",
       "    <tr>\n",
       "      <th>5</th>\n",
       "      <td>0.997548</td>\n",
       "      <td>0.973265</td>\n",
       "      <td>0.898974</td>\n",
       "      <td>0.998099</td>\n",
       "      <td>0.346399</td>\n",
       "      <td>1.000000</td>\n",
       "      <td>0.852410</td>\n",
       "      <td>0.465715</td>\n",
       "      <td>0.908050</td>\n",
       "      <td>-0.242888</td>\n",
       "      <td>-0.250922</td>\n",
       "      <td>-0.153298</td>\n",
       "      <td>-0.056619</td>\n",
       "      <td>0.012154</td>\n",
       "      <td>0.239114</td>\n",
       "      <td>0.225414</td>\n",
       "      <td>0.265758</td>\n",
       "      <td>-0.018430</td>\n",
       "    </tr>\n",
       "    <tr>\n",
       "      <th>6</th>\n",
       "      <td>0.886824</td>\n",
       "      <td>0.709608</td>\n",
       "      <td>0.995300</td>\n",
       "      <td>0.882809</td>\n",
       "      <td>0.785740</td>\n",
       "      <td>0.852410</td>\n",
       "      <td>1.000000</td>\n",
       "      <td>0.859689</td>\n",
       "      <td>0.993043</td>\n",
       "      <td>-0.372630</td>\n",
       "      <td>-0.406966</td>\n",
       "      <td>-0.318253</td>\n",
       "      <td>-0.103418</td>\n",
       "      <td>0.117005</td>\n",
       "      <td>0.340554</td>\n",
       "      <td>0.387492</td>\n",
       "      <td>0.417110</td>\n",
       "      <td>-0.004876</td>\n",
       "    </tr>\n",
       "    <tr>\n",
       "      <th>7</th>\n",
       "      <td>0.526353</td>\n",
       "      <td>0.250148</td>\n",
       "      <td>0.806245</td>\n",
       "      <td>0.519020</td>\n",
       "      <td>0.991410</td>\n",
       "      <td>0.465715</td>\n",
       "      <td>0.859689</td>\n",
       "      <td>1.000000</td>\n",
       "      <td>0.793558</td>\n",
       "      <td>-0.393368</td>\n",
       "      <td>-0.443631</td>\n",
       "      <td>-0.388862</td>\n",
       "      <td>-0.119717</td>\n",
       "      <td>0.186152</td>\n",
       "      <td>0.342769</td>\n",
       "      <td>0.435593</td>\n",
       "      <td>0.446305</td>\n",
       "      <td>0.009752</td>\n",
       "    </tr>\n",
       "    <tr>\n",
       "      <th>8</th>\n",
       "      <td>0.935066</td>\n",
       "      <td>0.787633</td>\n",
       "      <td>0.999764</td>\n",
       "      <td>0.931973</td>\n",
       "      <td>0.707448</td>\n",
       "      <td>0.908050</td>\n",
       "      <td>0.993043</td>\n",
       "      <td>0.793558</td>\n",
       "      <td>1.000000</td>\n",
       "      <td>-0.353204</td>\n",
       "      <td>-0.382519</td>\n",
       "      <td>-0.289468</td>\n",
       "      <td>-0.095597</td>\n",
       "      <td>0.096467</td>\n",
       "      <td>0.326659</td>\n",
       "      <td>0.361175</td>\n",
       "      <td>0.393987</td>\n",
       "      <td>-0.008057</td>\n",
       "    </tr>\n",
       "    <tr>\n",
       "      <th>9</th>\n",
       "      <td>-0.264687</td>\n",
       "      <td>-0.163521</td>\n",
       "      <td>-0.357632</td>\n",
       "      <td>-0.261729</td>\n",
       "      <td>-0.382659</td>\n",
       "      <td>-0.242888</td>\n",
       "      <td>-0.372630</td>\n",
       "      <td>-0.393368</td>\n",
       "      <td>-0.353204</td>\n",
       "      <td>1.000000</td>\n",
       "      <td>-0.058974</td>\n",
       "      <td>-0.086952</td>\n",
       "      <td>-0.106288</td>\n",
       "      <td>-0.101143</td>\n",
       "      <td>-0.074429</td>\n",
       "      <td>-0.054229</td>\n",
       "      <td>-0.038874</td>\n",
       "      <td>-0.189495</td>\n",
       "    </tr>\n",
       "    <tr>\n",
       "      <th>10</th>\n",
       "      <td>-0.275723</td>\n",
       "      <td>-0.159618</td>\n",
       "      <td>-0.387332</td>\n",
       "      <td>-0.273533</td>\n",
       "      <td>-0.433433</td>\n",
       "      <td>-0.250922</td>\n",
       "      <td>-0.406966</td>\n",
       "      <td>-0.443631</td>\n",
       "      <td>-0.382519</td>\n",
       "      <td>-0.058974</td>\n",
       "      <td>1.000000</td>\n",
       "      <td>-0.141383</td>\n",
       "      <td>-0.172822</td>\n",
       "      <td>-0.164457</td>\n",
       "      <td>-0.121021</td>\n",
       "      <td>-0.088175</td>\n",
       "      <td>-0.063209</td>\n",
       "      <td>-0.290422</td>\n",
       "    </tr>\n",
       "    <tr>\n",
       "      <th>11</th>\n",
       "      <td>-0.178065</td>\n",
       "      <td>-0.066419</td>\n",
       "      <td>-0.294369</td>\n",
       "      <td>-0.174763</td>\n",
       "      <td>-0.388515</td>\n",
       "      <td>-0.153298</td>\n",
       "      <td>-0.318253</td>\n",
       "      <td>-0.388862</td>\n",
       "      <td>-0.289468</td>\n",
       "      <td>-0.086952</td>\n",
       "      <td>-0.141383</td>\n",
       "      <td>1.000000</td>\n",
       "      <td>-0.254813</td>\n",
       "      <td>-0.242479</td>\n",
       "      <td>-0.178437</td>\n",
       "      <td>-0.130008</td>\n",
       "      <td>-0.093198</td>\n",
       "      <td>0.061837</td>\n",
       "    </tr>\n",
       "    <tr>\n",
       "      <th>12</th>\n",
       "      <td>-0.063674</td>\n",
       "      <td>-0.030924</td>\n",
       "      <td>-0.096616</td>\n",
       "      <td>-0.062819</td>\n",
       "      <td>-0.114616</td>\n",
       "      <td>-0.056619</td>\n",
       "      <td>-0.103418</td>\n",
       "      <td>-0.119717</td>\n",
       "      <td>-0.095597</td>\n",
       "      <td>-0.106288</td>\n",
       "      <td>-0.172822</td>\n",
       "      <td>-0.254813</td>\n",
       "      <td>1.000000</td>\n",
       "      <td>-0.296398</td>\n",
       "      <td>-0.218115</td>\n",
       "      <td>-0.158917</td>\n",
       "      <td>-0.113922</td>\n",
       "      <td>0.196659</td>\n",
       "    </tr>\n",
       "    <tr>\n",
       "      <th>13</th>\n",
       "      <td>0.026185</td>\n",
       "      <td>-0.036131</td>\n",
       "      <td>0.099703</td>\n",
       "      <td>0.024660</td>\n",
       "      <td>0.191453</td>\n",
       "      <td>0.012154</td>\n",
       "      <td>0.117005</td>\n",
       "      <td>0.186152</td>\n",
       "      <td>0.096467</td>\n",
       "      <td>-0.101143</td>\n",
       "      <td>-0.164457</td>\n",
       "      <td>-0.242479</td>\n",
       "      <td>-0.296398</td>\n",
       "      <td>1.000000</td>\n",
       "      <td>-0.207557</td>\n",
       "      <td>-0.151225</td>\n",
       "      <td>-0.108407</td>\n",
       "      <td>0.256131</td>\n",
       "    </tr>\n",
       "    <tr>\n",
       "      <th>14</th>\n",
       "      <td>0.256591</td>\n",
       "      <td>0.173428</td>\n",
       "      <td>0.329053</td>\n",
       "      <td>0.254782</td>\n",
       "      <td>0.325873</td>\n",
       "      <td>0.239114</td>\n",
       "      <td>0.340554</td>\n",
       "      <td>0.342769</td>\n",
       "      <td>0.326659</td>\n",
       "      <td>-0.074429</td>\n",
       "      <td>-0.121021</td>\n",
       "      <td>-0.178437</td>\n",
       "      <td>-0.218115</td>\n",
       "      <td>-0.207557</td>\n",
       "      <td>1.000000</td>\n",
       "      <td>-0.111284</td>\n",
       "      <td>-0.079775</td>\n",
       "      <td>0.024076</td>\n",
       "    </tr>\n",
       "    <tr>\n",
       "      <th>15</th>\n",
       "      <td>0.251008</td>\n",
       "      <td>0.134144</td>\n",
       "      <td>0.366200</td>\n",
       "      <td>0.247620</td>\n",
       "      <td>0.429463</td>\n",
       "      <td>0.225414</td>\n",
       "      <td>0.387492</td>\n",
       "      <td>0.435593</td>\n",
       "      <td>0.361175</td>\n",
       "      <td>-0.054229</td>\n",
       "      <td>-0.088175</td>\n",
       "      <td>-0.130008</td>\n",
       "      <td>-0.158917</td>\n",
       "      <td>-0.151225</td>\n",
       "      <td>-0.111284</td>\n",
       "      <td>1.000000</td>\n",
       "      <td>-0.058124</td>\n",
       "      <td>-0.245360</td>\n",
       "    </tr>\n",
       "    <tr>\n",
       "      <th>16</th>\n",
       "      <td>0.290738</td>\n",
       "      <td>0.174756</td>\n",
       "      <td>0.399004</td>\n",
       "      <td>0.287490</td>\n",
       "      <td>0.436074</td>\n",
       "      <td>0.265758</td>\n",
       "      <td>0.417110</td>\n",
       "      <td>0.446305</td>\n",
       "      <td>0.393987</td>\n",
       "      <td>-0.038874</td>\n",
       "      <td>-0.063209</td>\n",
       "      <td>-0.093198</td>\n",
       "      <td>-0.113922</td>\n",
       "      <td>-0.108407</td>\n",
       "      <td>-0.079775</td>\n",
       "      <td>-0.058124</td>\n",
       "      <td>1.000000</td>\n",
       "      <td>-0.203106</td>\n",
       "    </tr>\n",
       "    <tr>\n",
       "      <th>TARGET</th>\n",
       "      <td>-0.016597</td>\n",
       "      <td>-0.023048</td>\n",
       "      <td>-0.007234</td>\n",
       "      <td>-0.016545</td>\n",
       "      <td>0.012963</td>\n",
       "      <td>-0.018430</td>\n",
       "      <td>-0.004876</td>\n",
       "      <td>0.009752</td>\n",
       "      <td>-0.008057</td>\n",
       "      <td>-0.189495</td>\n",
       "      <td>-0.290422</td>\n",
       "      <td>0.061837</td>\n",
       "      <td>0.196659</td>\n",
       "      <td>0.256131</td>\n",
       "      <td>0.024076</td>\n",
       "      <td>-0.245360</td>\n",
       "      <td>-0.203106</td>\n",
       "      <td>1.000000</td>\n",
       "    </tr>\n",
       "  </tbody>\n",
       "</table>\n",
       "</div>"
      ],
      "text/plain": [
       "               0         1         2         3         4         5         6  \\\n",
       "0       1.000000  0.954866  0.927352  0.999943  0.411038  0.997548  0.886824   \n",
       "1       0.954866  1.000000  0.774420  0.957374  0.121841  0.973265  0.709608   \n",
       "2       0.927352  0.774420  1.000000  0.924093  0.722235  0.898974  0.995300   \n",
       "3       0.999943  0.957374  0.924093  1.000000  0.403182  0.998099  0.882809   \n",
       "4       0.411038  0.121841  0.722235  0.403182  1.000000  0.346399  0.785740   \n",
       "5       0.997548  0.973265  0.898974  0.998099  0.346399  1.000000  0.852410   \n",
       "6       0.886824  0.709608  0.995300  0.882809  0.785740  0.852410  1.000000   \n",
       "7       0.526353  0.250148  0.806245  0.519020  0.991410  0.465715  0.859689   \n",
       "8       0.935066  0.787633  0.999764  0.931973  0.707448  0.908050  0.993043   \n",
       "9      -0.264687 -0.163521 -0.357632 -0.261729 -0.382659 -0.242888 -0.372630   \n",
       "10     -0.275723 -0.159618 -0.387332 -0.273533 -0.433433 -0.250922 -0.406966   \n",
       "11     -0.178065 -0.066419 -0.294369 -0.174763 -0.388515 -0.153298 -0.318253   \n",
       "12     -0.063674 -0.030924 -0.096616 -0.062819 -0.114616 -0.056619 -0.103418   \n",
       "13      0.026185 -0.036131  0.099703  0.024660  0.191453  0.012154  0.117005   \n",
       "14      0.256591  0.173428  0.329053  0.254782  0.325873  0.239114  0.340554   \n",
       "15      0.251008  0.134144  0.366200  0.247620  0.429463  0.225414  0.387492   \n",
       "16      0.290738  0.174756  0.399004  0.287490  0.436074  0.265758  0.417110   \n",
       "TARGET -0.016597 -0.023048 -0.007234 -0.016545  0.012963 -0.018430 -0.004876   \n",
       "\n",
       "               7         8         9        10        11        12        13  \\\n",
       "0       0.526353  0.935066 -0.264687 -0.275723 -0.178065 -0.063674  0.026185   \n",
       "1       0.250148  0.787633 -0.163521 -0.159618 -0.066419 -0.030924 -0.036131   \n",
       "2       0.806245  0.999764 -0.357632 -0.387332 -0.294369 -0.096616  0.099703   \n",
       "3       0.519020  0.931973 -0.261729 -0.273533 -0.174763 -0.062819  0.024660   \n",
       "4       0.991410  0.707448 -0.382659 -0.433433 -0.388515 -0.114616  0.191453   \n",
       "5       0.465715  0.908050 -0.242888 -0.250922 -0.153298 -0.056619  0.012154   \n",
       "6       0.859689  0.993043 -0.372630 -0.406966 -0.318253 -0.103418  0.117005   \n",
       "7       1.000000  0.793558 -0.393368 -0.443631 -0.388862 -0.119717  0.186152   \n",
       "8       0.793558  1.000000 -0.353204 -0.382519 -0.289468 -0.095597  0.096467   \n",
       "9      -0.393368 -0.353204  1.000000 -0.058974 -0.086952 -0.106288 -0.101143   \n",
       "10     -0.443631 -0.382519 -0.058974  1.000000 -0.141383 -0.172822 -0.164457   \n",
       "11     -0.388862 -0.289468 -0.086952 -0.141383  1.000000 -0.254813 -0.242479   \n",
       "12     -0.119717 -0.095597 -0.106288 -0.172822 -0.254813  1.000000 -0.296398   \n",
       "13      0.186152  0.096467 -0.101143 -0.164457 -0.242479 -0.296398  1.000000   \n",
       "14      0.342769  0.326659 -0.074429 -0.121021 -0.178437 -0.218115 -0.207557   \n",
       "15      0.435593  0.361175 -0.054229 -0.088175 -0.130008 -0.158917 -0.151225   \n",
       "16      0.446305  0.393987 -0.038874 -0.063209 -0.093198 -0.113922 -0.108407   \n",
       "TARGET  0.009752 -0.008057 -0.189495 -0.290422  0.061837  0.196659  0.256131   \n",
       "\n",
       "              14        15        16    TARGET  \n",
       "0       0.256591  0.251008  0.290738 -0.016597  \n",
       "1       0.173428  0.134144  0.174756 -0.023048  \n",
       "2       0.329053  0.366200  0.399004 -0.007234  \n",
       "3       0.254782  0.247620  0.287490 -0.016545  \n",
       "4       0.325873  0.429463  0.436074  0.012963  \n",
       "5       0.239114  0.225414  0.265758 -0.018430  \n",
       "6       0.340554  0.387492  0.417110 -0.004876  \n",
       "7       0.342769  0.435593  0.446305  0.009752  \n",
       "8       0.326659  0.361175  0.393987 -0.008057  \n",
       "9      -0.074429 -0.054229 -0.038874 -0.189495  \n",
       "10     -0.121021 -0.088175 -0.063209 -0.290422  \n",
       "11     -0.178437 -0.130008 -0.093198  0.061837  \n",
       "12     -0.218115 -0.158917 -0.113922  0.196659  \n",
       "13     -0.207557 -0.151225 -0.108407  0.256131  \n",
       "14      1.000000 -0.111284 -0.079775  0.024076  \n",
       "15     -0.111284  1.000000 -0.058124 -0.245360  \n",
       "16     -0.079775 -0.058124  1.000000 -0.203106  \n",
       "TARGET  0.024076 -0.245360 -0.203106  1.000000  "
      ]
     },
     "execution_count": 11,
     "metadata": {},
     "output_type": "execute_result"
    }
   ],
   "source": [
    "# vemos la correlacion entre los features\n",
    "train_corr = train.corr()\n",
    "train_corr"
   ]
  },
  {
   "cell_type": "code",
   "execution_count": 13,
   "metadata": {},
   "outputs": [
    {
     "data": {
